0.999568
0.999137
0.998705
0.998273
0.997842
0.99741
0.996978
0.996547
0.996115
0.995683
0.995252
0.99482
0.994388
0.993957
0.993525
0.993093
0.992662
0.99223
0.991798
0.991367
0.990935
0.990503
0.990072
0.98964
0.989208
0.988777
0.988345
0.987913
0.987482
0.98705
0.986619
0.986187
0.985755
0.985323
0.984892
0.98446
0.984028
0.983597
0.983165
0.982733
0.982302
0.98187
0.981439
0.981007
0.980575
0.980143
0.979712
0.97928
0.978848
0.978417
0.977985
0.977553
0.977122
0.97669
0.976258
0.975827
0.975395
0.974963
0.974532
0.9741
0.973669
0.973237
0.972805
0.972374
0.971942
0.97151
0.971079
0.970647
0.970215
0.969784
0.969352
0.96892
0.968488
0.968057
0.967625
0.967193
0.966762
0.96633
0.965899
0.965467
0.965035
0.964604
0.964172
0.96374
0.963309
0.962877
0.962445
0.962013
0.961582
0.96115
0.960719
0.960287
0.959855
0.959424
0.958992
0.95856
0.958129
0.957697
0.957265
0.956834
0.956402
0.955971
0.955539
0.955107
0.954675
0.954244
0.953812
0.95338
0.952949
0.952517
0.952086
0.951654
0.951222
0.950791
0.950359
0.949927
0.949495
0.949064
0.948632
0.9482
0.947769
0.947337
0.946905
0.946474
0.946042
0.94561
0.945179
0.944747
0.944315
0.943884
0.943452
0.943021
0.942589
0.942157
0.941725
0.941294
0.940862
0.94043
0.939999
0.939567
0.939135
0.938704
0.938272
0.93784
0.937409
0.936977
0.936546
0.936114
0.935682
0.93525
0.934819
0.934387
0.933956
0.933524
0.933092
0.932661
0.932229
0.931797
0.931365
0.930934
0.930502
0.930071
0.929639
0.929207
0.928775
0.928344
0.927912
0.927481
0.927049
0.926617
0.926185
0.925754
0.925322
0.924891
0.924459
0.924027
0.923595
0.923164
0.922732
0.922301
0.921869
0.921437
0.921006
0.920574
0.920142
0.91971
0.919279
0.918847
0.918416
0.917984
0.917552
0.917121
0.916689
0.916257
0.915826
0.915394
0.914962
0.914531
0.914099
0.913667
0.913236
0.912804
0.912372
0.911941
0.911509
0.911077
0.910646
0.910214
0.909782
0.90935
0.908919
0.908487
0.908056
0.907624
0.907192
0.906761
0.906329
0.905897
0.905466
0.905034
0.904602
0.904171
0.903739
0.903307
0.902876
0.902444
0.902012
0.901581
0.901149
0.900717
0.900286
0.899854
0.899423
0.898991
0.898559
0.898127
0.897696
0.897264
0.896832
0.896401
0.895969
0.895537
0.895106
0.894674
0.894242
0.893811
0.893379
0.892947
0.892516
0.892084
0.891652
0.891221
0.890789
0.890357
0.889926
0.889494
0.889063
0.888631
0.888199
0.887768
0.887336
0.886904
0.886473
0.886041
0.885609
0.885177
0.884746
0.884314
0.883883
0.883451
0.883019
0.882588
0.882156
0.881724
0.881293
0.880861
0.880429
0.879998
0.879566
0.879134
0.878703
0.878271
0.877839
0.877408
0.876976
0.876544
0.876113
0.875681
0.875249
0.874818
0.874386
0.873954
0.873523
0.873091
0.872659
0.872228
0.871796
0.871364
0.870933
0.870501
0.870069
0.869638
0.869206
0.868774
0.868343
0.867911
0.867479
0.867048
0.866616
0.866184
0.865753
0.865321
0.86489
0.864458
0.864026
0.863594
0.863163
0.862731
0.862299
0.861868
0.861436
0.861004
0.860573
0.860141
0.859709
0.859278
0.858846
0.858414
0.857983
0.857551
0.857119
0.856688
0.856256
0.855824
0.855393
0.854961
0.85453
0.854098
0.853666
0.853234
0.852803
0.852371
0.851939
0.851508
0.851076
0.850644
0.850213
0.849781
0.849349
0.848918
0.848486
0.848055
0.847623
0.847191
0.84676
0.846328
0.845896
0.845465
0.845033
0.844601
0.844169
0.843738
0.843306
0.842875
0.842443
0.842011
0.84158
0.841148
0.840716
0.840285
0.839853
0.839421
0.838989
0.838558
0.838126
0.837695
0.837263
0.836831
0.8364
0.835968
0.835536
0.835105
0.834673
0.834241
0.83381
0.833378
0.832946
0.832515
0.832083
0.831651
0.83122
0.830788
0.830356
0.829925
0.829493
0.829061
0.82863
0.828198
0.827766
0.827334
0.826903
0.826471
0.82604
0.825608
0.825176
0.824745
0.824313
0.823881
0.823449
0.823018
0.822586
0.822155
0.821723
0.821291
0.82086
0.820428
0.819996
0.819565
0.819133
0.818701
0.81827
0.817838
0.817406
0.816975
0.816543
0.816111
0.81568
0.815248
0.814816
0.814385
0.813953
0.813521
0.81309
0.812658
0.812226
0.811795
0.811363
0.810932
0.8105
0.810068
0.809636
0.809205
0.808773
0.808341
0.80791
0.807478
0.807046
0.806615
0.806183
0.805751
0.80532
0.804888
0.804456
0.804025
0.803593
0.803161
0.80273
0.802298
0.801867
0.801435
0.801003
0.800572
0.80014
0.799708
0.799276
0.798845
0.798413
0.797982
0.79755
0.797118
0.796687
0.796255
0.795823
0.795392
0.79496
0.794528
0.794097
0.793665
0.793233
0.792801
0.79237
0.791938
0.791507
0.791075
0.790643
0.790212
0.78978
0.789348
0.788917
0.788485
0.788053
0.787622
0.78719
0.786758
0.786327
0.785895
0.785463
0.785032
0.7846
0.784168
0.783737
0.783305
0.782873
0.782442
0.78201
0.781578
0.781147
0.780715
0.780283
0.779852
0.77942
0.778988
0.778557
0.778125
0.777693
0.777262
0.77683
0.776398
0.775967
0.775535
0.775103
0.774672
0.77424
0.773808
0.773377
0.772945
0.772513
0.772082
0.77165
0.771218
0.770787
0.770355
0.769923
0.769492
0.76906
0.768628
0.768197
0.767765
0.767333
0.766902
0.76647
0.766038
0.765607
0.765175
0.764744
0.764312
0.76388
0.763448
0.763017
0.762585
0.762154
0.761722
0.76129
0.760858
0.760427
0.759995
0.759563
0.759132
0.7587
0.758268
0.757837
0.757405
0.756973
0.756542
0.75611
0.755678
0.755247
0.754815
0.754383
0.753952
0.75352
0.753088
0.752657
0.752225
0.751793
0.751362
0.75093
0.750499
0.750067
0.749635
0.749204
0.748772
0.74834
0.747909
0.747477
0.747045
0.746613
0.746182
0.74575
0.745319
0.744887
0.744455
0.744024
0.743592
0.74316
0.742729
0.742297
0.741865
0.741434
0.741002
0.74057
0.740139
0.739707
0.739275
0.738844
0.738412
0.73798
0.737549
0.737117
0.736685
0.736253
0.735822
0.73539
0.734959
0.734527
0.734095
0.733664
0.733232
0.7328
0.732369
0.731937
0.731505
0.731074
0.730642
0.73021
0.729779
0.729347
0.728915
0.728484
0.728052
0.72762
0.727188
0.726757
0.726325
0.725894
0.725462
0.72503
0.724599
0.724167
0.723736
0.723304
0.722872
0.72244
0.722009
0.721577
0.721145
0.720714
0.720282
0.71985
0.719419
0.718987
0.718555
0.718124
0.717692
0.71726
0.716829
0.716397
0.715965
0.715534
0.715102
0.714671
0.714239
0.713807
0.713375
0.712944
0.712512
0.71208
0.711649
0.711217
0.710786
0.710354
0.709922
0.709491
0.709059
0.708627
0.708196
0.707764
0.707332
0.706901
0.706469
0.706037
0.705606
0.705174
0.704742
0.704311
0.703879
0.703447
0.703016
0.702584
0.702152
0.701721
0.701289
0.700857
0.700426
0.699994
0.699562
0.699131
0.698699
0.698267
0.697836
0.697404
0.696972
0.696541
0.696109
0.695677
0.695246
0.694814
0.694382
0.693951
0.693519
0.693087
0.692656
0.692224
0.691792
0.691361
0.690929
0.690497
0.690066
0.689634
0.689202
0.688771
0.688339
0.687907
0.687476
0.687044
0.686612
0.686181
0.685749
0.685317
0.684886
0.684454
0.684022
0.683591
0.683159
0.682727
0.682296
0.681864
0.681432
0.681001
0.680569
0.680137
0.679706
0.679274
0.678842
0.678411
0.677979
0.677547
0.677116
0.676684
0.676252
0.675821
0.675389
0.674957
0.674526
0.674094
0.673662
0.673231
0.672799
0.672368
0.671936
0.671504
0.671072
0.670641
0.670209
0.669778
0.669346
0.668914
0.668482
0.668051
0.667619
0.667187
0.666756
0.666324
0.665892
0.665461
0.665029
0.664598
0.664166
0.663734
0.663303
0.662871
0.662439
0.662008
0.661576
0.661144
0.660713
0.660281
0.659849
0.659418
0.658986
0.658554
0.658123
0.657691
0.657259
0.656828
0.656396
0.655964
0.655533
0.655101
0.654669
0.654238
0.653806
0.653374
0.652943
0.652511
0.652079
0.651648
0.651216
0.650784
0.650353
0.649921
0.649489
0.649057
0.648626
0.648194
0.647763
0.647331
0.646899
0.646468
0.646036
0.645604
0.645173
0.644741
0.644309
0.643878
0.643446
0.643014
0.642583
0.642151
0.641719
0.641288
0.640856
0.640424
0.639993
0.639561
0.639129
0.638698
0.638266
0.637834
0.637403
0.636971
0.636539
0.636108
0.635676
0.635244
0.634813
0.634381
0.63395
0.633518
0.633086
0.632654
0.632223
0.631791
0.631359
0.630928
0.630496
0.630064
0.629633
0.629201
0.62877
0.628338
0.627906
0.627474
0.627043
0.626611
0.62618
0.625748
0.625316
0.624884
0.624453
0.624021
0.623589
0.623158
0.622726
0.622294
0.621863
0.621431
0.620999
0.620568
0.620136
0.619704
0.619273
0.618841
0.61841
0.617978
0.617546
0.617115
0.616683
0.616251
0.61582
0.615388
0.614956
0.614525
0.614093
0.613661
0.61323
0.612798
0.612366
0.611934
0.611503
0.611071
0.61064
0.610208
0.609776
0.609345
0.608913
0.608481
0.60805
0.607618
0.607186
0.606755
0.606323
0.605891
0.60546
0.605028
0.604596
0.604165
0.603733
0.603301
0.60287
0.602438
0.602006
0.601575
0.601143
0.600711
0.60028
0.599848
0.599416
0.598985
0.598553
0.598121
0.59769
0.597258
0.596826
0.596395
0.595963
0.595531
0.5951
0.594668
0.594236
0.593805
0.593373
0.592941
0.59251
0.592078
0.591646
0.591215
0.590783
0.590351
0.58992
0.589488
0.589056
0.588625
0.588193
0.587762
0.58733
0.586898
0.586466
0.586035
0.585603
0.585171
0.58474
0.584308
0.583877
0.583445
0.583013
0.582581
0.58215
0.581718
0.581287
0.580855
0.580423
0.579992
0.57956
0.579128
0.578696
0.578265
0.577833
0.577401
0.57697
0.576538
0.576106
0.575675
0.575243
0.574811
0.57438
0.573948
0.573517
0.573085
0.572653
0.572222
0.57179
0.571358
0.570927
0.570495
0.570063
0.569632
0.5692
0.568768
0.568337
0.567905
0.567473
0.567042
0.56661
0.566178
0.565746
0.565315
0.564883
0.564452
0.56402
0.563588
0.563157
0.562725
0.562293
0.561862
0.56143
0.560998
0.560567
0.560135
0.559703
0.559272
0.55884
0.558408
0.557977
0.557545
0.557113
0.556682
0.55625
0.555818
0.555387
0.554955
0.554523
0.554092
0.55366
0.553228
0.552797
0.552365
0.551933
0.551502
0.55107
0.550638
0.550207
0.549775
0.549343
0.548912
0.54848
0.548048
0.547617
0.547185
0.546753
0.546322
0.54589
0.545458
0.545027
0.544595
0.544163
0.543732
0.5433
0.542868
0.542437
0.542005
0.541573
0.541142
0.54071
0.540278
0.539847
0.539415
0.538983
0.538552
0.53812
0.537688
0.537257
0.536825
0.536394
0.535962
0.53553
0.535098
0.534667
0.534235
0.533803
0.533372
0.53294
0.532509
0.532077
0.531645
0.531213
0.530782
0.53035
0.529918
0.529487
0.529055
0.528624
0.528192
0.52776
0.527328
0.526897
0.526465
0.526034
0.525602
0.52517
0.524739
0.524307
0.523875
0.523444
0.523012
0.52258
0.522149
0.521717
0.521285
0.520854
0.520422
0.51999
0.519559
0.519127
0.518695
0.518264
0.517832
0.5174
0.516969
0.516537
0.516105
0.515674
0.515242
0.51481
0.514379
0.513947
0.513515
0.513084
0.512652
0.51222
0.511789
0.511357
0.510925
0.510494
0.510062
0.50963
0.509199
0.508767
0.508335
0.507904
0.507472
0.50704
0.506609
0.506177
0.505745
0.505314
0.504882
0.50445
0.504019
0.503587
0.503155
0.502724
0.502292
0.50186
0.501429
0.500997
0.500565
0.500134
0.499702
0.49927
0.498839
0.498407
0.497975
0.497544
0.497112
0.49668
0.496249
0.495817
0.495385
0.494954
0.494522
0.49409
0.493659
0.493227
0.492795
0.492364
0.491932
0.491501
0.491069
0.490637
0.490205
0.489774
0.489342
0.48891
0.488479
0.488047
0.487615
0.487184
0.486752
0.486321
0.485889
0.485457
0.485026
0.484594
0.484162
0.483731
0.483299
0.482867
0.482435
0.482004
0.481572
0.481141
0.480709
0.480277
0.479846
0.479414
0.478982
0.478551
0.478119
0.477687
0.477256
0.476824
0.476392
0.475961
0.475529
0.475097
0.474666
0.474234
0.473802
0.473371
0.472939
0.472507
0.472076
0.471644
0.471212
0.470781
0.470349
0.469917
0.469486
0.469054
0.468622
0.468191
0.467759
0.467327
0.466896
0.466464
0.466032
0.465601
0.465169
0.464737
0.464306
0.463874
0.463442
0.463011
0.462579
0.462147
0.461716
0.461284
0.460852
0.460421
0.459989
0.459557
0.459126
0.458694
0.458262
0.457831
0.457399
0.456967
0.456536
0.456104
0.455672
0.455241
0.454809
0.454377
0.453946
0.453514
0.453082
0.452651
0.452219
0.451787
0.451356
0.450924
0.450492
0.450061
0.449629
0.449197
0.448766
0.448334
0.447902
0.447471
0.447039
0.446607
0.446176
0.445744
0.445312
0.444881
0.444449
0.444017
0.443586
0.443154
0.442722
0.442291
0.441859
0.441428
0.440996
0.440564
0.440133
0.439701
0.439269
0.438838
0.438406
0.437974
0.437543
0.437111
0.436679
0.436247
0.435816
0.435384
0.434952
0.434521
0.434089
0.433658
0.433226
0.432794
0.432363
0.431931
0.431499
0.431068
0.430636
0.430204
0.429773
0.429341
0.428909
0.428478
0.428046
0.427614
0.427183
0.426751
0.426319
0.425888
0.425456
0.425024
0.424593
0.424161
0.423729
0.423298
0.422866
0.422434
0.422003
0.421571
0.421139
0.420708
0.420276
0.419844
0.419413
0.418981
0.418549
0.418118
0.417686
0.417254
0.416823
0.416391
0.415959
0.415528
0.415096
0.414664
0.414233
0.413801
0.413369
0.412938
0.412506
0.412074
0.411643
0.411211
0.410779
0.410348
0.409916
0.409484
0.409053
0.408621
0.408189
0.407758
0.407326
0.406894
0.406463
0.406031
0.405599
0.405168
0.404736
0.404304
0.403873
0.403441
0.403009
0.402578
0.402146
0.401714
0.401283
0.400851
0.40042
0.399988
0.399556
0.399125
0.398693
0.398261
0.397829
0.397398
0.396966
0.396534
0.396103
0.395671
0.39524
0.394808
0.394376
0.393945
0.393513
0.393081
0.392649
0.392218
0.391786
0.391355
0.390923
0.390491
0.39006
0.389628
0.389196
0.388765
0.388333
0.387901
0.38747
0.387038
0.386606
0.386175
0.385743
0.385311
0.38488
0.384448
0.384016
0.383585
0.383153
0.382721
0.38229
0.381858
0.381426
0.380995
0.380563
0.380131
0.3797
0.379268
0.378836
0.378405
0.377973
0.377541
0.37711
0.376678
0.376246
0.375815
0.375383
0.374951
0.37452
0.374088
0.373656
0.373225
0.372793
0.372361
0.37193
0.371498
0.371066
0.370635
0.370203
0.369771
0.36934
0.368908
0.368476
0.368045
0.367613
0.367181
0.36675
0.366318
0.365886
0.365455
0.365023
0.364591
0.36416
0.363728
0.363296
0.362865
0.362433
0.362001
0.36157
0.361138
0.360706
0.360275
0.359843
0.359411
0.35898
0.358548
0.358117
0.357685
0.357253
0.356821
0.35639
0.355958
0.355526
0.355095
0.354663
0.354232
0.3538
0.353368
0.352936
0.352505
0.352073
0.351641
0.35121
0.350778
0.350347
0.349915
0.349483
0.349052
0.34862
0.348188
0.347756
0.347325
0.346893
0.346462
0.34603
0.345598
0.345167
0.344735
0.344303
0.343872
0.34344
0.343008
0.342577
0.342145
0.341713
0.341282
0.34085
0.340418
0.339987
0.339555
0.339123
0.338692
0.33826
0.337828
0.337397
0.336965
0.336533
0.336102
0.33567
0.335238
0.334807
0.334375
0.333943
0.333512
0.33308
0.332648
0.332217
0.331785
0.331353
0.330922
0.33049
0.330058
0.329627
0.329195
0.328763
0.328332
0.3279
0.327468
0.327037
0.326605
0.326173
0.325742
0.32531
0.324878
0.324447
0.324015
0.323583
0.323152
0.32272
0.322288
0.321857
0.321425
0.320993
0.320562
0.32013
0.319698
0.319267
0.318835
0.318403
0.317972
0.31754
0.317108
0.316677
0.316245
0.315813
0.315382
0.31495
0.314518
0.314087
0.313655
0.313223
0.312792
0.31236
0.311928
0.311497
0.311065
0.310634
0.310202
0.30977
0.309339
0.308907
0.308475
0.308044
0.307612
0.30718
0.306748
0.306317
0.305885
0.305453
0.305022
0.30459
0.304159
0.303727
0.303295
0.302863
0.302432
0.302
0.301569
0.301137
0.300705
0.300274
0.299842
0.29941
0.298979
0.298547
0.298115
0.297684
0.297252
0.29682
0.296389
0.295957
0.295525
0.295094
0.294662
0.29423
0.293799
0.293367
0.292935
0.292504
0.292072
0.29164
0.291209
0.290777
0.290345
0.289914
0.289482
0.28905
0.288619
0.288187
0.287755
0.287324
0.286892
0.28646
0.286029
0.285597
0.285165
0.284734
0.284302
0.28387
0.283439
0.283007
0.282575
0.282144
0.281712
0.28128
0.280849
0.280417
0.279985
0.279554
0.279122
0.27869
0.278259
0.277827
0.277395
0.276964
0.276532
0.2761
0.275669
0.275237
0.274805
0.274374
0.273942
0.27351
0.273079
0.272647
0.272215
0.271784
0.271352
0.27092
0.270489
0.270057
0.269625
0.269194
0.268762
0.26833
0.267899
0.267467
0.267035
0.266604
0.266172
0.265741
0.265309
0.264877
0.264445
0.264014
0.263582
0.263151
0.262719
0.262287
0.261855
0.261424
0.260992
0.260561
0.260129
0.259697
0.259265
0.258834
0.258402
0.257971
0.257539
0.257107
0.256676
0.256244
0.255812
0.255381
0.254949
0.254517
0.254086
0.253654
0.253222
0.252791
0.252359
0.251927
0.251496
0.251064
0.250632
0.250201
0.249769
0.249337
0.248906
0.248474
0.248042
0.247611
0.247179
0.246747
0.246316
0.245884
0.245452
0.245021
0.244589
0.244157
0.243726
0.243294
0.242862
0.242431
0.241999
0.241567
0.241136
0.240704
0.240272
0.239841
0.239409
0.238977
0.238546
0.238114
0.237682
0.237251
0.236819
0.236387
0.235956
0.235524
0.235092
0.234661
0.234229
0.233797
0.233366
0.232934
0.232502
0.232071
0.231639
0.231207
0.230776
0.230344
0.229912
0.229481
0.229049
0.228617
0.228186
0.227754
0.227322
0.226891
0.226459
0.226027
0.225596
0.225164
0.224732
0.224301
0.223869
0.223437
0.223006
0.222574
0.222142
0.221711
0.221279
0.220847
0.220416
0.219984
0.219553
0.219121
0.218689
0.218258
0.217826
0.217394
0.216962
0.216531
0.216099
0.215668
0.215236
0.214804
0.214373
0.213941
0.213509
0.213078
0.212646
0.212214
0.211783
0.211351
0.210919
0.210488
0.210056
0.209624
0.209193
0.208761
0.208329
0.207898
0.207466
0.207034
0.206603
0.206171
0.205739
0.205308
0.204876
0.204444
0.204013
0.203581
0.203149
0.202718
0.202286
0.201854
0.201423
0.200991
0.200559
0.200128
0.199696
0.199264
0.198833
0.198401
0.197969
0.197538
0.197106
0.196674
0.196243
0.195811
0.195379
0.194948
0.194516
0.194084
0.193653
0.193221
0.192789
0.192358
0.191926
0.191494
0.191063
0.190631
0.190199
0.189768
0.189336
0.188904
0.188473
0.188041
0.187609
0.187178
0.186746
0.186314
0.185883
0.185451
0.185019
0.184588
0.184156
0.183724
0.183293
0.182861
0.182429
0.181998
0.181566
0.181134
0.180703
0.180271
0.179839
0.179408
0.178976
0.178544
0.178113
0.177681
0.17725
0.176818
0.176386
0.175954
0.175523
0.175091
0.17466
0.174228
0.173796
0.173365
0.172933
0.172501
0.17207
0.171638
0.171206
0.170775
0.170343
0.169922
0.1695
0.169079
0.168658
0.168237
0.167815
0.167394
0.166973
0.166551
0.16613
0.165709
0.165288
0.164866
0.164445
0.164024
0.163603
0.163181
0.16276
0.162339
0.161918
0.161496
0.161075
0.160654
0.160233
0.159811
0.15939
0.158969
0.158548
0.158126
0.157705
0.157284
0.156862
0.156441
0.15602
0.155599
0.155177
0.154756
0.154335
0.153914
0.153492
0.153071
0.15265
0.152229
0.151807
0.151386
0.150965
0.150544
0.150122
0.149701
0.14928
0.148859
0.148437
0.148016
0.147595
0.147173
0.146752
0.146331
0.14591
0.145488
0.145067
0.144656
0.144245
0.143834
0.143422
0.143011
0.1426
0.142189
0.141778
0.141367
0.140955
0.140544
0.140133
0.139722
0.139311
0.1389
0.138488
0.138077
0.137666
0.137255
0.136844
0.136443
0.136041
0.13564
0.135239
0.134838
0.134437
0.134035
0.133634
0.133233
0.132832
0.132431
0.132029
0.131628
0.131227
0.130826
0.130425
0.130024
0.129622
0.129221
0.12882
0.128419
0.128018
0.127616
0.127215
0.126814
0.126413
0.126012
0.12561
0.125209
0.124808
0.124407
0.124006
0.123605
0.123203
0.122802
0.122401
0.122
0.121599
0.121197
0.120796
0.120395
0.119994
0.119602
0.119211
0.11882
0.118428
0.118037
0.117645
0.117254
0.116863
0.116471
0.11608
0.115688
0.115307
0.114925
0.114543
0.114162
0.11378
0.113398
0.113017
0.112635
0.112253
0.111872
0.11149
0.111118
0.110746
0.110374
0.110002
0.10963
0.109258
0.108886
0.108514
0.108152
0.107789
0.107427
0.107065
0.106702
0.10634
0.105978
0.105615
0.105262
0.10491
0.104557
0.104204
0.103851
0.103499
0.103146
0.102793
0.10244
0.102088
0.101735
0.101382
0.10103
0.100677
0.100324
0.0999713
