0.999585
0.99917
0.998754
0.998339
0.997924
0.997509
0.997094
0.996679
0.996263
0.995848
0.995433
0.995018
0.994602
0.994187
0.993772
0.993357
0.992942
0.992526
0.992111
0.991696
0.991258
0.990819
0.990404
0.989979
0.989558
0.989081
0.988612
0.988121
0.987665
0.987216
0.986813
0.986373
0.985921
0.985501
0.98507
0.984626
0.984139
0.983727
0.983295
0.982882
0.982466
0.982051
0.981636
0.981221
0.980806
0.98039
0.979988
0.979568
0.979153
0.978659
0.978244
0.977769
0.977343
0.976891
0.976395
0.975951
0.975509
0.97508
0.974659
0.974224
0.973813
0.973415
0.973001
0.972585
0.97217
0.971755
0.971324
0.970909
0.97049
0.970121
0.969706
0.96929
0.968843
0.968349
0.967916
0.967457
0.966966
0.966528
0.966095
0.965663
0.965223
0.964808
0.964393
0.963978
0.963563
0.963147
0.962732
0.962317
0.961906
0.961492
0.961061
0.960658
0.960254
0.959807
0.95943
0.959011
0.958536
0.958046
0.957605
0.957172
0.956764
0.956338
0.95586
0.955442
0.955027
0.954607
0.954184
0.953768
0.953316
0.952901
0.952489
0.952074
0.95167
0.952073
0.951634
0.951206
0.950791
0.950335
0.949896
0.949455
0.949858
0.949438
0.949023
0.949426
0.948914
0.948499
0.948902
0.948481
0.948066
0.947836
0.947419
0.946975
0.94656
0.946147
0.945747
0.946151
0.945729
0.945298
0.944839
0.9444
0.943985
0.944389
0.943943
0.943528
0.943932
0.943516
0.94392
0.943476
0.943015
0.942503
0.942088
0.941656
0.941249
0.940811
0.9404
0.939985
0.940389
0.939948
0.939505
0.939073
0.938658
0.93821
0.9378
0.937299
0.937703
0.937212
0.936796
0.9372
0.936785
0.937188
0.936769
0.936365
0.935956
0.935536
0.935097
0.934666
0.934238
0.933811
0.933383
0.932947
0.932506
0.932909
0.932494
0.932898
0.93246
0.931991
0.931579
0.931164
0.930756
0.931159
0.930744
0.930305
0.930709
0.930324
0.929867
0.929456
0.929036
0.928629
0.928189
0.927761
0.927345
0.927749
0.92722
0.926804
0.927208
0.926793
0.926395
0.925958
0.925545
0.925111
0.925515
0.925099
0.924667
0.924176
0.923743
0.923295
0.922861
0.922422
0.921989
0.921548
0.92111
0.92068
0.920276
0.91985
0.919481
0.919884
0.919441
0.919026
0.918613
0.918185
0.917772
0.91731
0.916816
0.91722
0.916805
0.916384
0.915937
0.915494
0.915058
0.914618
0.915022
0.914509
0.914072
0.913657
0.91406
0.91363
0.913213
0.912798
0.912357
0.911931
0.911488
0.911102
0.910696
0.910309
0.909866
0.909435
0.909839
0.9094
0.908946
0.908519
0.908104
0.907664
0.908068
0.907653
0.908056
0.90763
0.907182
0.906744
0.906327
0.905911
0.905479
0.905883
0.905452
0.905028
0.904599
0.904191
0.903762
0.903335
0.902893
0.902455
0.901959
0.901502
0.901087
0.901491
0.901051
0.900636
0.90104
0.900624
0.901028
0.90059
0.900174
0.899756
0.899317
0.899721
0.899296
0.898881
0.898512
0.898096
0.897663
0.897228
0.897631
0.897216
0.896766
0.897169
0.896698
0.896279
0.89586
0.895445
0.894938
0.895342
0.894938
0.894451
0.894034
0.894438
0.893999
0.893543
0.893124
0.892696
0.892275
0.891844
0.891429
0.891833
0.891304
0.890888
0.891292
0.890877
0.89128
0.890789
0.890311
0.889804
0.889367
0.888952
0.888491
0.888073
0.887612
0.887186
0.886756
0.88634
0.885903
0.885466
0.885869
0.88545
0.885035
0.885438
0.884957
0.884588
0.884168
0.883753
0.884157
0.883709
0.883294
0.883698
0.883191
0.882814
0.882373
0.881917
0.881486
0.881073
0.880661
0.880228
0.879812
0.879325
0.878906
0.87931
0.878895
0.87842
0.878824
0.878335
0.877917
0.877501
0.877645
0.87723
0.876749
0.876304
0.875927
0.87548
0.875014
0.874584
0.874146
0.873713
0.874117
0.873703
0.873265
0.872878
0.872463
0.872021
0.871575
0.871165
0.871568
0.871153
0.871557
0.871068
0.870635
0.871038
0.870595
0.870157
0.869724
0.869251
0.868819
0.868382
0.867966
0.86837
0.867931
0.867501
0.867086
0.866667
0.867071
0.866642
0.866192
0.865777
0.865379
0.864967
0.864537
0.86411
0.86367
0.864073
0.863636
0.863187
0.862745
0.862315
0.861929
0.861514
0.861081
0.860672
0.861076
0.860635
0.860187
0.859772
0.859314
0.858905
0.858486
0.857999
0.857574
0.857167
0.856677
0.856255
0.855842
0.855399
0.854957
0.854517
0.85492
0.854507
0.854092
0.853664
0.854067
0.853652
0.854055
0.85364
0.854044
0.853618
0.853203
0.852741
0.852279
0.851783
0.851348
0.85092
0.850484
0.850086
0.849646
0.849203
0.849606
0.849191
0.849595
0.84918
0.849583
0.849173
0.848731
0.848316
0.847906
0.848309
0.847819
0.847404
0.846984
0.847388
0.846929
0.846492
0.846057
0.845636
0.8452
0.844763
0.844348
0.843905
0.844309
0.84389
0.843475
0.843031
0.842561
0.842149
0.841637
0.84204
0.841627
0.841217
0.840798
0.840383
0.839889
0.83945
0.839012
0.83856
0.838323
0.837884
0.837423
0.837826
0.837368
0.83696
0.836453
0.836023
0.835607
0.835191
0.834754
0.834346
0.833903
0.833461
0.833025
0.832606
0.833009
0.832554
0.832115
0.831694
0.83124
0.830805
0.83039
0.830794
0.830356
0.829941
0.829459
0.829061
0.828603
0.829007
0.828592
0.828995
0.828573
0.828154
0.82773
0.827314
0.826882
0.826458
0.826018
0.825506
0.825089
0.82465
0.825053
0.824638
0.825042
0.824627
0.82503
0.824653
0.824238
0.823869
0.823472
0.823875
0.823437
0.822986
0.822601
0.822186
0.821751
0.82131
0.82087
0.820444
0.820002
0.819564
0.819968
0.819553
0.819956
0.819541
0.819945
0.819503
0.819088
0.818628
0.819031
0.818616
0.81902
0.818605
0.818123
0.817694
0.817276
0.816857
0.816413
0.81597
0.815541
0.815107
0.814681
0.81427
0.814674
0.814259
0.814662
0.814247
0.814651
0.814235
0.814639
0.814188
0.813736
0.813321
0.813725
0.813309
0.812899
0.812503
0.812044
0.811595
0.811158
0.810726
0.810305
0.809858
0.809402
0.809806
0.809393
0.808982
0.809386
0.808971
0.808527
0.808097
0.807602
0.807216
0.806755
0.806267
0.805819
0.80538
0.804958
0.804529
0.804076
0.80364
0.803202
0.802798
0.802351
0.80194
0.801521
0.801925
0.801518
0.801103
0.800674
0.800178
0.799722
0.800125
0.799706
0.799275
0.798865
0.798416
0.797988
0.797536
0.797104
0.796667
0.796248
0.795832
0.795398
0.794993
0.795397
0.794982
0.794565
0.794969
0.794554
0.794133
0.793736
0.793308
0.792892
0.792505
0.792072
0.791618
0.791509
0.791082
0.790662
0.790219
0.789761
0.790164
0.789749
0.790153
0.789737
0.790141
0.789721
0.789291
0.788876
0.788471
0.788025
0.787609
0.787202
0.787606
0.787164
0.786731
0.78629
0.785875
0.785441
0.785003
0.785406
0.784991
0.785395
0.784908
0.784492
0.784045
0.784448
0.784033
0.784436
0.784021
0.783547
0.78309
0.78268
0.782239
0.781799
0.781358
0.780925
0.780474
0.780054
0.779623
0.780026
0.779611
0.780015
0.779599
0.780003
0.779588
0.779991
0.779576
0.77998
0.779538
0.779009
0.778582
0.778116
0.777701
0.778105
0.777656
0.777231
0.776789
0.776351
0.775916
0.775501
0.77507
0.774653
0.775056
0.774619
0.774204
0.774607
0.774185
0.773798
0.774202
0.773787
0.773343
0.772902
0.772459
0.772862
0.772444
0.772004
0.771591
0.771156
0.770716
0.770318
0.769903
0.769434
0.769057
0.768652
0.768221
0.767802
0.768205
0.767761
0.767305
0.766856
0.766438
0.766052
0.765574
0.765136
0.764677
0.764269
0.763846
0.763412
0.762978
0.762557
0.762094
0.761672
0.761171
0.760739
0.760329
0.759919
0.759504
0.759066
0.75857
0.758974
0.758527
0.758089
0.757672
0.757194
0.756744
0.75631
0.755872
0.75544
0.755007
0.754591
0.754995
0.754565
0.75415
0.754554
0.754147
0.753732
0.753292
0.753696
0.753285
0.752822
0.752414
0.751999
0.751557
0.751114
0.750687
0.750249
0.749821
0.749385
0.748948
0.749352
0.748937
0.74934
0.748925
0.748517
0.748043
0.748446
0.748033
0.747608
0.747178
0.746763
0.746386
0.745967
0.746371
0.745963
0.745537
0.745109
0.744687
0.744255
0.743817
0.743402
0.742978
0.742509
0.742071
0.741585
0.741988
0.741573
0.741137
0.740691
0.740305
0.739869
0.739438
0.739019
0.739422
0.739014
0.738598
0.738183
0.737763
0.737326
0.736896
0.7373
0.736848
0.736403
0.736807
0.736392
0.73596
0.735448
0.734956
0.734479
0.734882
0.734474
0.733993
0.733566
0.73313
0.732722
0.732284
0.731867
0.731379
0.730957
0.730515
0.7301
0.729637
0.729234
0.729638
0.729223
0.729626
0.729211
0.728801
0.728341
0.727885
0.727437
0.727051
0.726593
0.726101
0.725682
0.725263
0.724832
0.724393
0.723982
0.723551
0.72312
0.723524
0.723109
0.722602
0.722197
0.7226
0.722183
0.721767
0.721329
0.721732
0.721305
0.720844
0.720427
0.719986
0.719519
0.719081
0.718633
0.718198
0.717769
0.717332
0.716917
0.716461
0.71606
0.716463
0.716086
0.715684
0.715251
0.714843
0.714428
0.713997
0.713538
0.713942
0.713527
0.713107
0.712688
0.712248
0.711812
0.711354
0.710911
0.710482
0.710886
0.710471
0.710027
0.710431
0.710018
0.709608
0.709192
0.708786
0.709189
0.708774
0.708352
0.707932
0.708084
0.707577
0.707119
0.707523
0.707107
0.706655
0.706216
0.705775
0.70536
0.705764
0.705349
0.704924
0.704498
0.704079
0.704483
0.704096
0.703681
0.704085
0.703681
0.703269
0.702866
0.702439
0.702006
0.701546
0.701098
0.700661
0.70019
0.69976
0.699345
0.698882
0.698465
0.698052
0.697601
0.697191
0.697595
0.697154
0.696739
0.696312
0.695874
0.696278
0.695863
0.695446
0.69585
0.695453
0.695031
0.6946
0.694162
0.693707
0.693292
0.692873
0.6924
0.692803
0.692385
0.69197
0.692373
0.691924
0.691485
0.691011
0.690603
0.690188
0.689778
0.689394
0.688974
0.688533
0.688116
0.68773
0.687295
0.686859
0.687262
0.686847
0.68725
0.686781
0.686366
0.68677
0.68635
0.685869
0.685356
0.684941
0.685345
0.684903
0.684487
0.684047
0.683614
0.683188
0.682773
0.682299
0.681873
0.681444
0.681848
0.681427
0.680988
0.680572
0.680162
0.679668
0.679265
0.679326
0.678957
0.678546
0.67895
0.678552
0.678091
0.677636
0.677143
0.676735
0.676292
0.675872
0.67544
0.675005
0.67459
0.674171
0.674574
0.674159
0.673729
0.674133
0.673717
0.673301
0.673705
0.673279
0.672866
0.672365
0.671902
0.671482
0.671031
0.670553
0.670122
0.669686
0.669251
0.668819
0.668403
0.668807
0.668369
0.667954
0.667479
0.667883
0.667468
0.66702
0.667424
0.667009
0.667412
0.666993
0.666574
0.666156
0.665759
0.665329
0.664914
0.66447
0.664034
0.663598
0.663174
0.663577
0.663162
0.662724
0.663128
0.662712
0.662268
0.662671
0.662256
0.66266
0.66225
0.661782
0.661295
0.660847
0.660432
0.660009
0.659592
0.65917
0.658737
0.658299
0.657841
0.657472
0.657875
0.657442
0.657047
0.656638
0.656169
0.655724
0.655309
0.655712
0.655251
0.654836
0.654362
0.653866
0.653427
0.652966
0.653369
0.652933
0.652518
0.652084
0.651596
0.651155
0.650748
0.650333
0.64993
0.649493
0.649049
0.649453
0.649048
0.648542
0.648079
0.64763
0.64721
0.646779
0.646402
0.645952
0.645508
0.645072
0.644636
0.6442
0.644604
0.644156
0.643741
0.644145
0.64373
0.643292
0.642884
0.642446
0.642849
0.642434
0.642003
0.642407
0.641923
0.641476
0.641072
0.640648
0.640218
0.63978
0.639374
0.638928
0.638513
0.638917
0.638502
0.638905
0.638459
0.638044
0.638447
0.638032
0.637594
0.637998
0.637567
0.637152
0.636729
0.636251
0.635836
0.635399
0.634937
0.634506
0.634068
0.633638
0.634042
0.633627
0.63403
0.633615
0.634018
0.633609
0.633178
0.632763
0.632377
0.631934
0.632337
0.631856
0.631413
0.630974
0.630556
0.630138
0.629723
0.629276
0.628838
0.628399
0.628803
0.628388
0.627946
0.627549
0.627952
0.627537
0.627127
0.62674
0.627144
0.626719
0.626295
0.625909
0.62549
0.625009
0.624606
0.624173
0.623761
0.623346
0.622903
0.622467
0.622005
0.622409
0.621993
0.621553
0.621079
0.621483
0.620992
0.620577
0.620149
0.619738
0.620142
0.619727
0.619324
0.618911
0.618496
0.618062
0.617627
0.617201
0.617077
0.616642
0.61613
0.616534
0.616119
0.61559
0.615993
0.615586
0.61517
0.614714
0.614274
0.613784
0.61334
0.612873
0.612437
0.612841
0.612426
0.612035
0.611622
0.611192
0.61075
0.610315
0.610718
0.610303
0.609887
0.609467
0.609871
0.609456
0.608944
0.609347
0.608915
0.608477
0.607988
0.607532
0.607079
0.606659
0.606248
0.605785
0.605344
0.604929
0.604501
0.604062
0.603685
0.603216
0.602775
0.603179
0.602793
0.602378
0.602782
0.602367
0.601929
0.601517
0.60192
0.601472
0.601055
0.600611
0.600166
0.599753
0.599307
0.598869
0.598433
0.598001
0.598405
0.597989
0.597621
0.598024
0.597609
0.597151
0.596682
0.597085
0.59667
0.597073
0.596582
0.596166
0.595781
0.595355
0.594914
0.594483
0.594074
0.593636
0.59319
0.592756
0.59316
0.592682
0.592267
0.59267
0.592218
0.591803
0.592206
0.591783
0.591359
0.590944
0.591347
0.590934
0.590444
0.590028
0.589601
0.589193
0.588744
0.588327
0.587897
0.587458
0.587861
0.587446
0.58785
0.587343
0.586928
0.587331
0.586916
0.58732
0.5869
0.586426
0.586015
0.58558
0.585148
0.584697
0.584313
0.583885
0.583438
0.583019
0.582577
0.582144
0.581729
0.582132
0.581691
0.581248
0.580833
0.581236
0.58078
0.580335
0.579919
0.580323
0.579895
0.57948
0.57905
0.578576
0.578164
0.578568
0.578138
0.577694
0.577261
0.576826
0.576411
0.576815
0.576402
0.575987
0.57639
0.575975
0.575567
0.575971
0.575505
0.57509
0.575493
0.575066
0.574642
0.574215
0.573786
0.573372
0.572957
0.572524
0.572084
0.571651
0.572055
0.571636
0.571221
0.571624
0.571247
0.570832
0.571236
0.57082
0.571224
0.570751
0.570336
0.57074
0.570326
0.569907
0.569492
0.569044
0.568613
0.568183
0.567778
0.567343
0.567747
0.567331
0.567735
0.567261
0.566846
0.566376
0.565995
0.566399
0.565947
0.565516
0.565101
0.564681
0.56422
0.563813
0.564216
0.563747
0.563309
0.562873
0.562443
0.562009
0.561559
0.561103
0.561507
0.561089
0.560668
0.56023
0.55981
0.559323
0.558908
0.559312
0.558896
0.5593
0.558842
0.558398
0.557971
0.557534
0.557039
0.556606
0.556175
0.55574
0.555332
0.554917
0.554488
0.553958
0.554362
0.553947
0.55435
0.553938
0.553501
0.553038
0.552623
0.553027
0.552607
0.552149
0.55171
0.551295
0.551699
0.551265
0.550834
0.550399
0.549893
0.549478
0.549044
0.548605
0.549009
0.548594
0.548146
0.547691
0.548095
0.547682
0.547274
0.546819
0.546389
0.545981
0.545487
0.545035
0.544601
0.544173
0.543734
0.543303
0.542883
0.542475
0.54206
0.541641
0.542045
0.541606
0.541209
0.540794
0.540287
0.53984
0.540243
0.539828
0.539388
0.538892
0.53845
0.538012
0.537578
0.537573
0.537165
0.536726
0.536214
0.53578
0.536183
0.535722
0.535307
0.53571
0.535295
0.534807
0.534388
0.53397
0.534374
0.533921
0.533506
0.533064
0.532643
0.532225
0.53179
0.531353
0.531363
0.530956
0.530521
0.530106
0.53051
0.530094
0.529709
0.52924
0.528753
0.528304
0.527853
0.527412
0.527815
0.5274
0.526983
0.526505
0.526064
0.525552
0.525133
0.524695
0.524259
0.523904
0.523494
0.523897
0.523482
0.523026
0.522642
0.522222
0.522626
0.52221
0.521723
0.522127
0.52168
0.521261
0.520884
0.520498
0.520073
0.519621
0.519167
0.518798
0.518364
0.517929
0.517514
0.517917
0.517502
0.517906
0.517448
0.51705
0.516576
0.516161
0.515654
0.516058
0.515654
0.515269
0.514854
0.514439
0.514843
0.514412
0.513982
0.513509
0.513074
0.512641
0.51222
0.511804
0.512208
0.511761
0.511322
0.510793
0.510383
0.509947
0.509451
0.509032
0.508619
0.508119
0.507725
0.507298
0.506883
0.507286
0.506876
0.506446
0.506009
0.505573
0.505158
0.504728
0.505132
0.504713
0.504298
0.504702
0.504254
0.5038
0.503341
0.502944
0.502528
0.502098
0.501655
0.501161
0.500737
0.500303
0.499853
0.499446
0.499026
0.498589
0.498993
0.498578
0.498089
0.497611
0.498015
0.497528
0.497109
0.496694
0.496268
0.49582
0.495375
0.495778
0.495363
0.495152
0.494735
0.494305
0.493891
0.493453
0.49302
0.492591
0.492166
0.491725
0.492129
0.491668
0.491252
0.491656
0.491241
0.491644
0.491229
0.491633
0.491188
0.490773
0.491176
0.490736
0.490309
0.489883
0.489449
0.489013
0.488591
0.488158
0.487742
0.48733
0.487733
0.487318
0.487722
0.487307
0.486866
0.486426
0.485982
0.485544
0.485089
0.484676
0.485079
0.484664
0.484271
0.483845
0.483432
0.483235
0.482803
0.482368
0.481912
0.482316
0.4819
0.482304
0.481899
0.481469
0.481054
0.480606
0.480099
0.479671
0.47923
0.478792
0.478373
0.478777
0.478314
0.47782
0.477378
0.476969
0.47656
0.476129
0.475714
0.476118
0.475677
0.475262
0.4748
0.475204
0.474717
0.474296
0.473881
0.473425
0.472987
0.47251
0.472106
0.47166
0.471276
0.470835
0.47039
0.46995
0.469513
0.469315
0.469719
0.469311
0.468901
0.468485
0.468889
0.468474
0.467985
0.467555
0.467059
0.466578
0.466981
0.466548
0.466112
0.46567
0.465243
0.464802
0.464374
0.463926
0.463503
0.463062
0.462647
0.46305
0.462635
0.463039
0.462624
0.46221
0.462614
0.462198
0.461821
0.462225
0.46181
0.461402
0.460968
0.460557
0.460121
0.459705
0.459264
0.458831
0.458397
0.457955
0.458359
0.457944
0.458347
0.457932
0.458336
0.457921
0.457408
0.457812
0.457401
0.456938
0.456495
0.455966
0.455558
0.455143
0.454732
0.454345
0.45387
0.453428
0.452991
0.452559
0.452963
0.452538
0.452123
0.452527
0.452112
0.45163
0.451136
0.450696
0.4511
0.450588
0.450092
0.449672
0.449257
0.449223
0.448803
0.448359
0.448762
0.448288
0.447853
0.447423
0.44702
0.446605
0.446181
0.44575
0.446154
0.445724
0.445309
0.444873
0.445276
0.444825
0.444331
0.443921
0.443478
0.44305
0.442538
0.442123
0.441684
0.441278
0.440839
0.440404
0.440807
0.440392
0.439968
0.440372
0.439931
0.439528
0.439113
0.438665
0.439069
0.438638
0.438197
0.437828
0.437384
0.436932
0.436492
0.436075
0.435639
0.435155
0.434748
0.434312
0.433897
0.43339
0.432972
0.433376
0.432961
0.433364
0.432908
0.432493
0.432897
0.432493
0.432084
0.431622
0.431207
0.430785
0.430362
0.429958
0.429513
0.429076
0.428642
0.428207
0.427767
0.428171
0.427755
0.428159
0.427744
0.427325
0.427729
0.427313
0.427717
0.427243
0.426827
0.426396
0.426799
0.426384
0.425877
0.426155
0.425755
0.425321
0.424889
0.424453
0.424017
0.423605
0.423076
0.42258
0.422164
0.422568
0.42213
0.421715
0.421263
0.421666
0.421297
0.420882
0.420453
0.420034
0.420437
0.419969
0.41953
0.419123
0.418706
0.41827
0.417861
0.418264
0.417849
0.417403
0.41695
0.417354
0.416908
0.416493
0.416897
0.416482
0.416885
0.416472
0.41606
0.415602
0.415186
0.41559
0.415112
0.414676
0.414249
0.413817
0.413402
0.413016
0.413419
0.412998
0.412537
0.412081
0.411665
0.411184
0.410765
0.410274
0.409827
0.40938
0.409784
0.409372
0.408933
0.408503
0.408007
0.407578
0.407115
0.40668
0.406267
0.405851
0.406255
0.40584
0.406243
0.405828
0.406232
0.405793
0.405378
0.405782
0.40533
0.404903
0.404373
0.403946
0.403531
0.403104
0.402669
0.40224
0.401803
0.401336
0.40174
0.401325
0.400887
0.40129
0.400802
0.400382
0.399943
0.399525
0.39911
0.399513
0.399077
0.39857
0.398154
0.398361
0.397943
0.397492
0.397107
0.396677
0.396239
0.395803
0.395388
0.395792
0.395377
0.39578
0.395365
0.395769
0.39535
0.394935
0.395338
0.3949
0.394485
0.394889
0.394473
0.394877
0.394435
0.393997
0.393581
0.393089
0.392661
0.392229
0.392633
0.392214
0.391789
0.391374
0.390927
0.390529
0.390933
0.390437
0.390034
0.389619
0.389208
0.388714
0.388245
0.387826
0.387388
0.387791
0.387368
0.386905
0.38645
0.386017
0.385586
0.38515
0.384731
0.385134
0.384726
0.384311
0.383926
0.383482
0.383019
0.382621
0.38213
0.381753
0.381312
0.380893
0.381297
0.380859
0.380472
0.380043
0.3796
0.379161
0.378746
0.37832
0.378723
0.378271
0.377856
0.377375
0.376927
0.376502
0.376117
0.376521
0.376093
0.375649
0.375198
0.3748
0.374359
0.373921
0.373476
0.373035
0.372631
0.372193
0.371778
0.371335
0.370909
0.371312
0.370897
0.3713
0.370885
0.371289
0.370851
0.370436
0.369947
0.369528
0.36909
0.369493
0.369026
0.368617
0.368182
0.367712
0.367294
0.366858
0.366428
0.366013
0.366416
0.366001
0.366405
0.366002
0.365587
0.365139
0.365543
0.365128
0.364715
0.364266
0.363826
0.363379
0.36285
0.362413
0.362004
0.361529
0.361098
0.36067
0.361074
0.360623
0.360208
0.359727
0.36013
0.359667
0.35921
0.358794
0.358282
0.357856
0.357448
0.357852
0.357413
0.356917
0.356497
0.355968
0.355537
0.355103
0.354651
0.35422
0.353805
0.354208
0.353789
0.353374
0.352954
0.353358
0.352851
0.352369
0.351931
0.351489
0.351074
0.350642
0.350244
0.349783
0.3493
0.348901
0.348454
0.348016
0.347594
0.347157
0.34756
0.347145
0.346671
0.347075
0.346659
0.346171
0.346574
0.346159
0.345717
0.345313
0.344807
0.34521
0.344772
0.344339
0.343921
0.343475
0.343046
0.342627
0.342193
0.341762
0.341346
0.340919
0.341323
0.340867
0.340451
0.340855
0.340436
0.340021
0.339533
0.339042
0.338548
0.338952
0.338445
0.338029
0.337587
0.3371
0.336642
0.336218
0.335775
0.335343
0.334898
0.335302
0.334891
0.334476
0.334046
0.334449
0.334034
0.333605
0.333161
0.332764
0.332354
0.332758
0.33233
0.331915
0.331421
0.330983
0.330542
0.330079
0.329645
0.329208
0.328797
0.329201
0.328814
0.328399
0.327968
0.32755
0.327139
0.326701
0.326289
0.326693
0.326252
0.325837
0.325439
0.324987
0.324555
0.324959
0.32452
0.324085
0.323638
0.323201
0.322786
0.323189
0.322774
0.323178
0.322665
0.32225
0.321769
0.322172
0.321734
0.321319
0.321723
0.321292
0.320875
0.320467
0.320054
0.319627
0.3192
0.318792
0.318357
0.317924
0.317508
0.317002
0.317405
0.31699
0.317393
0.316984
0.316569
0.316972
0.316557
0.31607
0.316473
0.316058
0.315614
0.315192
0.314755
0.314336
0.313904
0.313465
0.313052
0.312619
0.312158
0.311774
0.312177
0.311747
0.311297
0.310882
0.310478
0.309982
0.309794
0.310198
0.309783
0.309296
0.308807
0.309211
0.308783
0.308368
0.307938
0.3075
0.30707
0.306633
0.307037
0.306624
0.306209
0.306612
0.306197
0.305739
0.30532
0.304853
0.304401
0.303911
0.303498
0.303088
0.30265
0.302247
0.301767
0.301315
0.300875
0.300434
0.299979
0.299547
0.299123
0.299527
0.299129
0.298714
0.298257
0.29866
0.298245
0.298648
0.298233
0.297827
0.297366
0.296925
0.296486
0.296073
0.295662
0.295222
0.294816
0.294374
0.293935
0.293494
0.293049
0.29263
0.293034
0.292619
0.292181
0.292584
0.292138
0.291722
0.292126
0.29253
0.292114
0.291676
0.292079
0.291567
0.291143
0.290731
0.2903
0.28981
0.289385
0.288944
0.288529
0.288066
0.287647
0.288051
0.287636
0.287217
0.28762
0.287151
0.286705
0.286227
0.285795
0.28538
0.285783
0.285357
0.28485
0.284379
0.283964
0.283543
0.283104
0.282677
0.282273
0.282676
0.282261
0.282664
0.282249
0.281753
0.282157
0.281723
0.281308
0.280876
0.280418
0.27998
0.279572
0.279085
0.278621
0.278176
0.277703
0.27726
0.27681
0.276373
0.275975
0.275571
0.275974
0.275559
0.275962
0.275547
0.275109
0.274724
0.274291
0.273858
0.27344
0.273027
0.272558
0.272114
0.272518
0.272098
0.271648
0.271196
0.270756
0.270305
0.270708
0.270293
0.269924
0.270328
0.269834
0.269424
0.269009
0.268583
0.268986
0.268571
0.268143
0.267684
0.267265
0.267669
0.267233
0.266796
0.266354
0.265915
0.265479
0.265041
0.264626
0.264202
0.264606
0.264191
0.264594
0.264225
0.263713
0.263268
0.262852
0.263256
0.262841
0.263244
0.262829
0.262356
0.261941
0.261558
0.26112
0.260679
0.260243
0.259808
0.260212
0.259815
0.259399
0.259803
0.259388
0.258859
0.258431
0.257969
0.258373
0.257958
0.257445
0.257059
0.257462
0.257047
0.257451
0.257021
0.256608
0.256167
0.25573
0.255293
0.254885
0.25447
0.254057
0.253625
0.253173
0.252732
0.252289
0.252693
0.252279
0.251859
0.251443
0.250936
0.250521
0.250925
0.250509
0.250028
0.250432
0.249919
0.249473
0.249039
0.248575
0.248173
0.247701
0.247286
0.247689
0.247274
0.246818
0.246408
0.245989
0.245548
0.245127
0.244714
0.244265
0.243758
0.243306
0.242884
0.242442
0.242015
0.241594
0.24115
0.241554
0.241138
0.241542
0.241127
0.24153
0.241099
0.240627
0.240158
0.239671
0.239241
0.238809
0.238366
0.237891
0.237476
0.237072
0.236639
0.236201
0.23576
0.235322
0.234896
0.234384
0.23389
0.234294
0.233878
0.234282
0.233801
0.233385
0.232975
0.233378
0.232963
0.232534
0.232102
0.231659
0.231224
0.230776
0.230307
0.230711
0.230281
0.229849
0.229412
0.228997
0.228628
0.229032
0.228617
0.228105
0.228508
0.228084
0.227622
0.227207
0.22761
0.227195
0.227598
0.227183
0.226754
0.226313
0.225889
0.225479
0.225061
0.22462
0.224188
0.224591
0.22417
0.223755
0.224182
0.224586
0.224171
0.224574
0.224159
0.223679
0.22324
0.22306
0.222608
0.222184
0.222587
0.222129
0.221651
0.221259
0.220828
0.220392
0.219952
0.219566
0.219151
0.219554
0.219147
0.218707
0.218266
0.21788
0.217464
0.217868
0.217453
0.217009
0.217413
0.216976
0.216533
0.216095
0.215671
0.21524
0.214825
0.214396
0.213959
0.214363
0.213948
0.214351
0.213936
0.21434
0.213924
0.213437
0.213841
0.213426
0.213
0.212585
0.212103
0.211718
0.211337
0.210911
0.211315
0.210874
0.210429
0.210001
0.209569
0.20915
0.208654
0.208224
0.207788
0.20735
0.206945
0.206548
0.206074
0.205658
0.206062
0.205647
0.20605
0.205631
0.205216
0.204783
0.204357
0.204761
0.204667
0.204428
0.203997
0.203509
0.203093
0.203497
0.203019
0.202584
0.202145
0.20173
0.202134
0.201718
0.201309
0.20115
0.201553
0.201121
0.200678
0.200263
0.199815
0.199401
0.198934
0.198501
0.198068
0.198471
0.198056
0.197643
0.197191
0.196751
0.196312
0.196716
0.196301
0.195881
0.196285
0.19587
0.19544
0.195016
0.194594
0.194172
0.193738
0.1933
0.192915
0.192481
0.192046
0.191986
0.192389
0.191877
0.191462
0.191889
0.192293
0.191853
0.191438
0.191008
0.191411
0.190996
0.190518
0.190098
0.189654
0.189232
0.189145
0.189408
0.188965
0.188533
0.188098
0.188105
0.188509
0.188074
0.187659
0.188063
0.187627
0.187189
0.186733
0.186326
0.185907
0.185491
0.185895
0.185453
0.18501
0.184595
0.184171
0.183733
0.183934
0.183747
0.183309
0.183713
0.183336
0.182921
0.183324
0.182909
0.182492
0.182066
0.181579
0.181988
0.182391
0.182514
0.182099
0.181681
0.181211
0.181219
0.180783
0.181187
0.180749
0.180311
0.179877
0.179444
0.179029
0.178548
0.178951
0.178536
0.178114
0.178518
0.178077
0.177655
0.177181
0.176766
0.17717
0.176764
0.176349
0.175923
0.175445
0.175003
0.174583
0.17414
0.173809
0.1734
0.172906
0.173327
0.17373
0.173315
0.173719
0.173297
0.172878
0.172437
0.172022
0.171493
0.171064
0.171492
0.171088
0.171491
0.171223
0.170797
0.170564
0.170131
0.169699
0.170103
0.16969
0.169275
0.169678
0.169248
0.169309
0.168893
0.168516
0.168119
0.167678
0.167184
0.16671
0.166252
0.166655
0.16624
0.166644
0.166202
0.166038
0.165606
0.165173
0.164758
0.165161
0.164746
0.164258
0.164661
0.164246
0.164138
0.164542
0.164127
0.163689
0.164093
0.16368
0.163265
0.162824
0.16326
0.162863
0.163266
0.162838
0.162394
0.161966
0.161512
0.161097
0.1615
0.161062
0.160609
0.160121
0.159706
0.15929
0.158905
0.159314
0.159718
0.159302
0.159794
0.159375
0.158957
0.158476
0.158046
0.157633
0.157207
0.156768
0.157085
0.157489
0.157074
0.157518
0.157977
0.157522
0.157984
0.158388
0.157966
0.157941
0.157528
0.157126
0.15671
0.156293
0.15585
0.156253
0.15582
0.15538
0.15495
0.154526
0.154557
0.154141
0.153756
0.15416
0.15375
0.153335
0.153738
0.153323
0.152876
0.152991
0.153144
0.152703
0.152214
0.15178
0.15173
0.151319
0.151147
0.150717
0.150286
0.149847
0.150251
0.149836
0.150239
0.149824
0.150228
0.149813
0.149372
0.148929
0.148531
0.148053
0.147579
0.147982
0.147541
0.14795
0.147564
0.147138
0.146684
0.146371
0.145938
0.14551
0.145938
0.145522
0.145105
0.145508
0.145093
0.144675
0.145079
0.144663
0.145067
0.144624
0.144208
0.144617
0.145021
0.1446
0.14416
0.144656
0.144662
0.144228
0.144673
0.144235
0.14382
0.144229
0.144633
0.144218
0.144621
0.144184
0.143769
0.144173
0.143765
0.143349
0.142932
0.142527
0.142931
0.142523
0.14211
0.141903
0.141425
0.140994
0.140515
0.1402
0.139785
0.140189
0.14061
0.14021
0.139784
0.140275
0.139845
0.140272
0.14073
0.140315
0.140719
0.140289
0.139835
0.139415
0.139009
0.138594
0.138194
0.137758
0.137321
0.137029
0.137433
0.137018
0.137426
0.13783
0.137415
0.137
0.137403
0.136988
0.136507
0.136447
0.13685
0.13642
0.136531
0.136037
0.135652
0.135225
0.13481
0.135214
0.134771
0.134338
0.1339
0.133485
0.132956
0.13336
0.132956
0.132541
0.132063
0.132466
0.132051
0.132468
0.132009
0.132413
0.131979
0.131538
0.131941
0.132174
0.131742
0.131313
0.130877
0.130435
0.13002
0.130177
0.13058
0.130165
0.129765
0.129361
0.129608
0.129124
0.129527
0.129087
0.128672
0.128262
0.128666
0.129085
0.12867
0.128453
0.12803
0.127594
0.127161
0.127136
0.127539
0.127124
0.127528
0.127032
0.126612
0.126226
0.125841
0.125426
0.125871
0.125502
0.12504
0.1246
0.124168
0.124665
0.124248
0.12381
0.123373
0.123776
0.123487
0.123104
0.122689
0.123092
0.122677
0.123081
0.12263
0.122134
0.122543
0.122128
0.121725
0.122129
0.121714
0.122117
0.121678
0.121294
0.120811
0.121219
0.121143
0.120728
0.120573
0.120139
0.120543
0.120128
0.119675
0.119206
0.11961
0.119194
0.118779
0.119182
0.118767
0.118978
0.118758
0.119161
0.118751
0.118336
0.117846
0.117376
0.117386
0.11693
0.116494
0.116066
0.116469
0.116054
0.116458
0.116043
0.116446
0.116031
0.115502
0.115098
0.115249
0.115446
0.115017
0.11542
0.115848
0.115405
0.115007
0.11456
0.114139
0.114078
0.11363
0.113195
0.113598
0.113183
0.113587
0.113201
0.112791
0.112376
0.112826
0.113229
0.112788
0.112373
0.112777
0.112362
0.112765
0.113021
0.112991
0.112551
0.112306
0.111882
0.111802
0.111515
0.1111
0.111504
0.111088
0.111492
0.111077
0.11069
0.111094
0.110605
0.11019
0.109749
0.110153
0.110093
0.109674
0.11014
0.109719
0.109281
0.108855
0.109195
0.108853
0.108418
0.108821
0.109266
0.108868
0.108461
0.108048
0.107633
0.10795
0.108353
0.107938
0.107977
0.108381
0.107966
0.107506
0.107066
0.107469
0.10733
0.107458
0.107432
0.106989
0.106556
0.106141
0.106544
0.107027
0.107454
0.107874
0.107468
0.107012
0.106604
0.106184
0.106324
0.105908
0.10554
0.106002
0.105572
0.105976
0.105589
0.105766
0.10582
0.105621
0.105176
0.105579
0.105164
0.105568
0.105152
0.104674
0.105078
0.104663
0.10483
0.105233
0.104787
0.104352
0.103954
0.10355
0.10354
0.103125
0.103241
0.102835
0.102388
0.102603
0.102171
0.101682
0.101267
0.100786
0.101189
0.100774
0.100287
0.10069
0.100275
0.100309
0.100713
0.100298
0.0998703
