0.999554
0.999109
0.998663
0.998217
0.997771
0.997325
0.996879
0.996434
0.995988
0.995542
0.995096
0.994651
0.994205
0.993759
0.993313
0.992868
0.992422
0.991976
0.99153
0.991084
0.990638
0.990193
0.989747
0.989301
0.988855
0.98841
0.987964
0.987518
0.987072
0.986627
0.986181
0.985735
0.985289
0.984843
0.984398
0.983952
0.983506
0.98306
0.982615
0.982169
0.981723
0.981277
0.980831
0.980386
0.97994
0.979494
0.979048
0.978602
0.978157
0.977711
0.977265
0.976819
0.976373
0.975928
0.975482
0.975036
0.97459
0.974145
0.973699
0.973253
0.972807
0.972361
0.971916
0.97147
0.971024
0.970578
0.970133
0.969687
0.969241
0.968795
0.968349
0.967904
0.967458
0.967012
0.966566
0.96612
0.965675
0.965229
0.964783
0.964337
0.963891
0.963446
0.963
0.962554
0.962108
0.961663
0.961217
0.960771
0.960325
0.95988
0.959434
0.958988
0.958542
0.958096
0.957651
0.957205
0.956759
0.956313
0.955867
0.955422
0.954976
0.95453
0.954084
0.953639
0.953193
0.952747
0.952301
0.951856
0.95141
0.950964
0.950518
0.950072
0.949627
0.949181
0.948735
0.948289
0.947844
0.947398
0.946952
0.946506
0.94606
0.945614
0.945169
0.944723
0.944277
0.943831
0.943386
0.94294
0.942494
0.942048
0.941603
0.941157
0.940711
0.940265
0.939819
0.939373
0.938928
0.938482
0.938036
0.937591
0.937145
0.936699
0.936253
0.935807
0.935362
0.934916
0.93447
0.934024
0.933578
0.933133
0.932687
0.932241
0.931795
0.93135
0.930904
0.930458
0.930012
0.929566
0.92912
0.928675
0.928229
0.927783
0.927337
0.926892
0.926446
0.926
0.925554
0.925108
0.924662
0.924217
0.923771
0.923325
0.92288
0.922434
0.921988
0.921542
0.921096
0.920651
0.920205
0.919759
0.919313
0.918867
0.918422
0.917976
0.91753
0.917084
0.916638
0.916193
0.915747
0.915301
0.914855
0.91441
0.913964
0.913518
0.913072
0.912627
0.912181
0.911735
0.911289
0.910843
0.910398
0.909952
0.909506
0.90906
0.908614
0.908169
0.907723
0.907277
0.906831
0.906386
0.90594
0.905494
0.905048
0.904602
0.904157
0.903711
0.903265
0.902819
0.902374
0.901928
0.901482
0.901036
0.90059
0.900145
0.899699
0.899253
0.898807
0.898361
0.897916
0.89747
0.897024
0.896578
0.896132
0.895687
0.895241
0.894795
0.894349
0.893904
0.893458
0.893012
0.892566
0.892121
0.891675
0.891229
0.890783
0.890337
0.889892
0.889446
0.889
0.888554
0.888109
0.887663
0.887217
0.886771
0.886325
0.88588
0.885434
0.884988
0.884542
0.884097
0.883651
0.883205
0.882759
0.882313
0.881867
0.881422
0.880976
0.88053
0.880084
0.879639
0.879193
0.878747
0.878301
0.877856
0.87741
0.876964
0.876518
0.876072
0.875627
0.875181
0.874735
0.874289
0.873844
0.873398
0.872952
0.872506
0.87206
0.871614
0.871169
0.870723
0.870277
0.869831
0.869386
0.86894
0.868494
0.868048
0.867603
0.867157
0.866711
0.866265
0.865819
0.865373
0.864928
0.864482
0.864036
0.86359
0.863145
0.862699
0.862253
0.861807
0.861361
0.860916
0.86047
0.860024
0.859578
0.859133
0.858687
0.858241
0.857795
0.857349
0.856904
0.856458
0.856012
0.855566
0.855121
0.854675
0.854229
0.853783
0.853337
0.852892
0.852446
0.852
0.851554
0.851109
0.850663
0.850217
0.849771
0.849325
0.84888
0.848434
0.847988
0.847542
0.847096
0.846651
0.846205
0.845759
0.845313
0.844867
0.844422
0.843976
0.84353
0.843084
0.842639
0.842193
0.841747
0.841301
0.840856
0.84041
0.839964
0.839518
0.839072
0.838627
0.838181
0.837735
0.837289
0.836843
0.836398
0.835952
0.835506
0.83506
0.834615
0.834169
0.833723
0.833277
0.832832
0.832386
0.83194
0.831494
0.831048
0.830603
0.830157
0.829711
0.829265
0.828819
0.828373
0.827928
0.827482
0.827036
0.82659
0.826145
0.825699
0.825253
0.824807
0.824362
0.823916
0.82347
0.823024
0.822578
0.822133
0.821687
0.821241
0.820795
0.82035
0.819904
0.819458
0.819012
0.818566
0.81812
0.817675
0.817229
0.816783
0.816337
0.815892
0.815446
0.815
0.814554
0.814109
0.813663
0.813217
0.812771
0.812325
0.81188
0.811434
0.810988
0.810542
0.810097
0.809651
0.809205
0.808759
0.808313
0.807868
0.807422
0.806976
0.80653
0.806085
0.805639
0.805193
0.804747
0.804301
0.803856
0.80341
0.802964
0.802518
0.802072
0.801627
0.801181
0.800735
0.800289
0.799843
0.799398
0.798952
0.798506
0.79806
0.797615
0.797169
0.796723
0.796277
0.795831
0.795386
0.79494
0.794494
0.794048
0.793603
0.793157
0.792711
0.792265
0.791819
0.791374
0.790928
0.790482
0.790036
0.78959
0.789145
0.788699
0.788253
0.787807
0.787362
0.786916
0.78647
0.786024
0.785578
0.785133
0.784687
0.784241
0.783795
0.78335
0.782904
0.782458
0.782012
0.781566
0.781121
0.780675
0.780229
0.779783
0.779337
0.778892
0.778446
0.778
0.777554
0.777108
0.776663
0.776217
0.775771
0.775325
0.77488
0.774434
0.773988
0.773542
0.773097
0.772651
0.772205
0.771759
0.771313
0.770867
0.770422
0.769976
0.76953
0.769084
0.768639
0.768193
0.767747
0.767301
0.766855
0.76641
0.765964
0.765518
0.765072
0.764627
0.764181
0.763735
0.763289
0.762843
0.762398
0.761952
0.761506
0.76106
0.760614
0.760169
0.759723
0.759277
0.758832
0.758386
0.75794
0.757494
0.757048
0.756602
0.756157
0.755711
0.755265
0.75482
0.754374
0.753928
0.753482
0.753036
0.75259
0.752145
0.751699
0.751253
0.750807
0.750362
0.749916
0.74947
0.749024
0.748578
0.748133
0.747687
0.747241
0.746795
0.746349
0.745904
0.745458
0.745012
0.744566
0.744121
0.743675
0.743229
0.742783
0.742337
0.741892
0.741446
0.741
0.740554
0.740108
0.739663
0.739217
0.738771
0.738325
0.73788
0.737434
0.736988
0.736542
0.736096
0.735651
0.735205
0.734759
0.734313
0.733867
0.733422
0.732976
0.73253
0.732085
0.731639
0.731193
0.730747
0.730301
0.729855
0.72941
0.728964
0.728518
0.728072
0.727627
0.727181
0.726735
0.726289
0.725843
0.725398
0.724952
0.724506
0.72406
0.723615
0.723169
0.722723
0.722277
0.721831
0.721386
0.72094
0.720494
0.720048
0.719603
0.719157
0.718711
0.718265
0.71782
0.717374
0.716928
0.716482
0.716036
0.715591
0.715145
0.714699
0.714253
0.713807
0.713362
0.712916
0.71247
0.712024
0.711579
0.711133
0.710687
0.710241
0.709795
0.70935
0.708904
0.708458
0.708012
0.707566
0.707121
0.706675
0.706229
0.705783
0.705337
0.704892
0.704446
0.704
0.703554
0.703109
0.702663
0.702217
0.701771
0.701325
0.70088
0.700434
0.699988
0.699542
0.699097
0.698651
0.698205
0.697759
0.697313
0.696868
0.696422
0.695976
0.69553
0.695084
0.694639
0.694193
0.693747
0.693301
0.692855
0.69241
0.691964
0.691518
0.691072
0.690627
0.690181
0.689735
0.689289
0.688843
0.688398
0.687952
0.687506
0.68706
0.686615
0.686169
0.685723
0.685277
0.684832
0.684386
0.68394
0.683494
0.683048
0.682603
0.682157
0.681711
0.681265
0.680819
0.680374
0.679928
0.679482
0.679036
0.67859
0.678145
0.677699
0.677253
0.676808
0.676362
0.675916
0.67547
0.675024
0.674578
0.674133
0.673687
0.673241
0.672795
0.67235
0.671904
0.671458
0.671012
0.670566
0.670121
0.669675
0.669229
0.668783
0.668337
0.667892
0.667446
0.667
0.666555
0.666108
0.665663
0.665217
0.664771
0.664326
0.66388
0.663434
0.662988
0.662542
0.662097
0.661651
0.661205
0.660759
0.660313
0.659868
0.659422
0.658976
0.65853
0.658085
0.657639
0.657193
0.656747
0.656301
0.655856
0.65541
0.654964
0.654518
0.654072
0.653627
0.653181
0.652735
0.652289
0.651844
0.651398
0.650952
0.650506
0.65006
0.649615
0.649169
0.648723
0.648277
0.647831
0.647386
0.64694
0.646494
0.646048
0.645602
0.645157
0.644711
0.644265
0.643819
0.643374
0.642928
0.642482
0.642036
0.641591
0.641145
0.640699
0.640253
0.639807
0.639362
0.638916
0.63847
0.638024
0.637578
0.637133
0.636687
0.636241
0.635795
0.635349
0.634904
0.634458
0.634012
0.633566
0.633121
0.632675
0.632229
0.631783
0.631337
0.630892
0.630446
0.63
0.629555
0.629109
0.628663
0.628217
0.627771
0.627325
0.62688
0.626434
0.625988
0.625542
0.625097
0.624651
0.624205
0.623759
0.623313
0.622868
0.622422
0.621976
0.62153
0.621084
0.620639
0.620193
0.619747
0.619301
0.618856
0.61841
0.617964
0.617518
0.617072
0.616627
0.616181
0.615735
0.615289
0.614844
0.614398
0.613952
0.613506
0.61306
0.612615
0.612169
0.611723
0.611277
0.610831
0.610386
0.60994
0.609494
0.609048
0.608603
0.608157
0.607711
0.607265
0.60682
0.606374
0.605928
0.605482
0.605036
0.604591
0.604145
0.603699
0.603253
0.602807
0.602362
0.601916
0.60147
0.601024
0.600579
0.600133
0.599687
0.599241
0.598795
0.59835
0.597904
0.597458
0.597012
0.596566
0.596121
0.595675
0.595229
0.594783
0.594338
0.593892
0.593446
0.593
0.592555
0.592109
0.591663
0.591217
0.590771
0.590325
0.58988
0.589434
0.588988
0.588542
0.588097
0.587651
0.587205
0.586759
0.586313
0.585868
0.585422
0.584976
0.58453
0.584084
0.583639
0.583193
0.582747
0.582301
0.581856
0.58141
0.580964
0.580518
0.580072
0.579627
0.579181
0.578735
0.578289
0.577844
0.577398
0.576952
0.576506
0.57606
0.575615
0.575169
0.574723
0.574277
0.573832
0.573386
0.57294
0.572494
0.572048
0.571603
0.571157
0.570711
0.570265
0.56982
0.569374
0.568928
0.568482
0.568036
0.567591
0.567145
0.566699
0.566253
0.565807
0.565362
0.564916
0.56447
0.564024
0.563579
0.563133
0.562687
0.562241
0.561795
0.56135
0.560904
0.560458
0.560012
0.559566
0.559121
0.558675
0.558229
0.557783
0.557338
0.556892
0.556446
0.556
0.555554
0.555109
0.554663
0.554217
0.553771
0.553326
0.55288
0.552434
0.551988
0.551542
0.551097
0.550651
0.550205
0.549759
0.549313
0.548868
0.548422
0.547976
0.54753
0.547085
0.546639
0.546193
0.545747
0.545301
0.544856
0.54441
0.543964
0.543518
0.543072
0.542627
0.542181
0.541735
0.541289
0.540844
0.540398
0.539952
0.539506
0.53906
0.538615
0.538169
0.537723
0.537277
0.536831
0.536386
0.53594
0.535494
0.535048
0.534603
0.534157
0.533711
0.533265
0.53282
0.532374
0.531928
0.531482
0.531036
0.530591
0.530145
0.529699
0.529253
0.528807
0.528362
0.527916
0.52747
0.527024
0.526579
0.526133
0.525687
0.525241
0.524795
0.52435
0.523904
0.523458
0.523012
0.522567
0.522121
0.521675
0.521229
0.520783
0.520338
0.519892
0.519446
0.519
0.518554
0.518109
0.517663
0.517217
0.516771
0.516326
0.51588
0.515434
0.514988
0.514542
0.514097
0.513651
0.513205
0.512759
0.512313
0.511868
0.511422
0.510976
0.51053
0.510085
0.509639
0.509193
0.508747
0.508301
0.507856
0.50741
0.506964
0.506518
0.506072
0.505627
0.505181
0.504735
0.504289
0.503844
0.503398
0.502952
0.502506
0.50206
0.501615
0.501169
0.500723
0.500277
0.499832
0.499386
0.49894
0.498494
0.498048
0.497602
0.497157
0.496711
0.496265
0.49582
0.495374
0.494928
0.494482
0.494036
0.493591
0.493145
0.492699
0.492253
0.491807
0.491362
0.490916
0.49047
0.490024
0.489579
0.489133
0.488687
0.488241
0.487795
0.48735
0.486904
0.486458
0.486012
0.485566
0.485121
0.484675
0.484229
0.483783
0.483338
0.482892
0.482446
0.482
0.481554
0.481109
0.480663
0.480217
0.479771
0.479326
0.47888
0.478434
0.477988
0.477542
0.477097
0.476651
0.476205
0.475759
0.475313
0.474868
0.474422
0.473976
0.47353
0.473085
0.472639
0.472193
0.471747
0.471301
0.470856
0.47041
0.469964
0.469518
0.469073
0.468627
0.468181
0.467735
0.467289
0.466844
0.466398
0.465952
0.465506
0.46506
0.464615
0.464169
0.463723
0.463277
0.462832
0.462386
0.46194
0.461494
0.461049
0.460603
0.460157
0.459711
0.459265
0.45882
0.458374
0.457928
0.457482
0.457036
0.456591
0.456145
0.455699
0.455253
0.454808
0.454362
0.453916
0.45347
0.453024
0.452579
0.452133
0.451687
0.451241
0.450795
0.45035
0.449904
0.449458
0.449012
0.448567
0.448121
0.447675
0.447229
0.446783
0.446338
0.445892
0.445446
0.445
0.444554
0.444109
0.443663
0.443217
0.442771
0.442326
0.44188
0.441434
0.440988
0.440542
0.440097
0.439651
0.439205
0.438759
0.438313
0.437868
0.437422
0.436976
0.43653
0.436085
0.435639
0.435193
0.434747
0.434301
0.433856
0.43341
0.432964
0.432518
0.432073
0.431627
0.431181
0.430735
0.430289
0.429844
0.429398
0.428952
0.428506
0.428061
0.427615
0.427169
0.426723
0.426277
0.425832
0.425386
0.42494
0.424494
0.424048
0.423603
0.423157
0.422711
0.422265
0.42182
0.421374
0.420928
0.420482
0.420036
0.419591
0.419145
0.418699
0.418253
0.417808
0.417362
0.416916
0.41647
0.416024
0.415579
0.415133
0.414687
0.414241
0.413795
0.41335
0.412904
0.412458
0.412012
0.411567
0.411121
0.410675
0.410229
0.409783
0.409338
0.408892
0.408446
0.408
0.407555
0.407109
0.406663
0.406217
0.405771
0.405326
0.40488
0.404434
0.403988
0.403542
0.403097
0.402651
0.402205
0.401759
0.401314
0.400868
0.400422
0.399976
0.39953
0.399085
0.398639
0.398193
0.397747
0.397301
0.396856
0.39641
0.395964
0.395518
0.395073
0.394627
0.394181
0.393735
0.393289
0.392844
0.392398
0.391952
0.391506
0.391061
0.390615
0.390169
0.389723
0.389277
0.388832
0.388386
0.38794
0.387494
0.387049
0.386603
0.386157
0.385711
0.385265
0.38482
0.384374
0.383928
0.383482
0.383036
0.382591
0.382145
0.381699
0.381253
0.380808
0.380362
0.379916
0.37947
0.379024
0.378579
0.378133
0.377687
0.377241
0.376795
0.37635
0.375904
0.375458
0.375012
0.374567
0.374121
0.373675
0.373229
0.372783
0.372338
0.371892
0.371446
0.371
0.370554
0.370109
0.369663
0.369217
0.368771
0.368326
0.36788
0.367434
0.366988
0.366542
0.366097
0.365651
0.365205
0.364759
0.364314
0.363868
0.363422
0.362976
0.36253
0.362085
0.361639
0.361193
0.360747
0.360301
0.359856
0.35941
0.358964
0.358518
0.358073
0.357627
0.357181
0.356735
0.356289
0.355844
0.355398
0.354952
0.354506
0.354061
0.353615
0.353169
0.352723
0.352277
0.351832
0.351386
0.35094
0.350494
0.350048
0.349603
0.349157
0.348711
0.348265
0.34782
0.347374
0.346928
0.346482
0.346036
0.345591
0.345145
0.344699
0.344253
0.343808
0.343362
0.342916
0.34247
0.342024
0.341579
0.341133
0.340687
0.340241
0.339795
0.33935
0.338904
0.338458
0.338012
0.337567
0.337121
0.336675
0.336229
0.335783
0.335338
0.334892
0.334446
0.334
0.333554
0.333109
0.332663
0.332217
0.331771
0.331326
0.33088
0.330434
0.329988
0.329542
0.329097
0.328651
0.328205
0.327759
0.327314
0.326868
0.326422
0.325976
0.32553
0.325085
0.324639
0.324193
0.323747
0.323301
0.322856
0.32241
0.321964
0.321518
0.321073
0.320627
0.320181
0.319735
0.31929
0.318844
0.318398
0.317952
0.317506
0.317061
0.316615
0.316169
0.315723
0.315277
0.314832
0.314386
0.31394
0.313494
0.313049
0.312603
0.312157
0.311711
0.311265
0.31082
0.310374
0.309928
0.309482
0.309036
0.308591
0.308145
0.307699
0.307253
0.306808
0.306362
0.305916
0.30547
0.305024
0.304579
0.304133
0.303687
0.303241
0.302795
0.30235
0.301904
0.301458
0.301012
0.300567
0.300121
0.299675
0.299229
0.298783
0.298338
0.297892
0.297446
0.297
0.296555
0.296109
0.295663
0.295217
0.294771
0.294326
0.29388
0.293434
0.292988
0.292542
0.292097
0.291651
0.291205
0.290759
0.290314
0.289868
0.289422
0.288976
0.28853
0.288085
0.287639
0.287193
0.286747
0.286302
0.285856
0.28541
0.284964
0.284518
0.284073
0.283627
0.283181
0.282735
0.282289
0.281844
0.281398
0.280952
0.280506
0.280061
0.279615
0.279169
0.278723
0.278277
0.277832
0.277386
0.27694
0.276494
0.276049
0.275603
0.275157
0.274711
0.274265
0.27382
0.273374
0.272928
0.272482
0.272036
0.271591
0.271145
0.270699
0.270253
0.269808
0.269362
0.268916
0.26847
0.268025
0.267579
0.267133
0.266687
0.266241
0.265796
0.26535
0.264904
0.264458
0.264012
0.263567
0.263121
0.262675
0.262229
0.261783
0.261338
0.260892
0.260446
0.26
0.259555
0.259109
0.258663
0.258217
0.257771
0.257326
0.25688
0.256434
0.255988
0.255543
0.255097
0.254651
0.254205
0.253759
0.253314
0.252868
0.252422
0.251976
0.25153
0.251085
0.250639
0.250193
0.249747
0.249302
0.248856
0.24841
0.247964
0.247518
0.247073
0.246627
0.246181
0.245735
0.245289
0.244844
0.244398
0.243952
0.243506
0.243061
0.242615
0.242169
0.241723
0.241277
0.240832
0.240386
0.23994
0.239494
0.239049
0.238603
0.238157
0.237711
0.237265
0.23682
0.236374
0.235928
0.235482
0.235036
0.234591
0.234145
0.233699
0.233253
0.232808
0.232362
0.231916
0.23147
0.231024
0.230579
0.230133
0.229687
0.229241
0.228796
0.22835
0.227904
0.227458
0.227012
0.226567
0.226121
0.225675
0.225229
0.224783
0.224338
0.223892
0.223446
0.223
0.222555
0.222109
0.221663
0.221217
0.220771
0.220326
0.21988
0.219434
0.218988
0.218543
0.218097
0.217651
0.217205
0.216759
0.216314
0.215868
0.215422
0.214976
0.21453
0.214085
0.213639
0.213193
0.212747
0.212302
0.211856
0.21141
0.210964
0.210518
0.210073
0.209627
0.209181
0.208735
0.20829
0.207844
0.207398
0.206952
0.206506
0.206061
0.205615
0.205169
0.204723
0.204277
0.203832
0.203386
0.20294
0.202494
0.202049
0.201603
0.201157
0.200711
0.200265
0.19982
0.199374
0.198928
0.198482
0.198037
0.197591
0.197145
0.196699
0.196253
0.195808
0.195362
0.194916
0.19447
0.194024
0.193579
0.193133
0.192687
0.192241
0.191796
0.19135
0.190904
0.190458
0.190012
0.189567
0.189121
0.188675
0.188229
0.187783
0.187338
0.186892
0.186446
0.186
0.185555
0.185109
0.184663
0.184217
0.183771
0.183326
0.18288
0.182434
0.181988
0.181543
0.181097
0.180651
0.180205
0.179759
0.179314
0.178868
0.178422
0.177976
0.17753
0.177085
0.176639
0.176193
0.175747
0.175302
0.174856
0.17441
0.173964
0.173518
0.173073
0.172627
0.172181
0.171735
0.17129
0.170844
0.170398
0.169952
0.169506
0.169061
0.168615
0.168169
0.167723
0.167277
0.166832
0.166386
0.16594
0.165494
0.165049
0.164603
0.164157
0.163711
0.163265
0.16282
0.162374
0.161928
0.161482
0.161037
0.160591
0.160145
0.159699
0.159253
0.158808
0.158362
0.157916
0.15747
0.157024
0.156579
0.156133
0.155687
0.155241
0.154796
0.15435
0.153904
0.153458
0.153012
0.152567
0.152121
0.151675
0.15124
0.150805
0.150369
0.149934
0.149509
0.149084
0.14866
0.148235
0.14781
0.147385
0.14696
0.146536
0.146111
0.145686
0.145261
0.144837
0.144412
0.143987
0.143562
0.143137
0.142713
0.142288
0.141863
0.141438
0.141013
0.140589
0.140164
0.139739
0.139314
0.138889
0.138465
0.13804
0.137615
0.13719
0.136766
0.136341
0.135916
0.135491
0.135066
0.134642
0.134217
0.133792
0.133367
0.132942
0.132518
0.132093
0.131668
0.131243
0.130819
0.130394
0.129979
0.129565
0.12915
0.128736
0.128321
0.127906
0.127492
0.127077
0.126673
0.126269
0.125864
0.12546
0.125066
0.124672
0.124277
0.123883
0.123489
0.123095
0.122701
0.122307
0.121912
0.121518
0.121124
0.12073
0.120336
0.119941
0.119547
0.119153
0.118759
0.118365
0.117971
0.117576
0.117192
0.116808
0.116424
0.11604
0.115656
0.115282
0.114908
0.114534
0.11416
0.113786
0.113412
0.113038
0.112663
0.112289
0.111915
0.111541
0.111167
0.110793
0.110419
0.110045
0.109671
0.109297
0.108923
0.108549
0.108175
0.107801
0.107427
0.107053
0.106679
0.106304
0.10593
0.105556
0.105182
0.104808
0.104434
0.10406
0.103696
0.103332
0.102968
0.102604
0.102239
0.101875
0.101511
0.101147
0.100783
0.100419
0.100054
0.0996902
